foofoo#edc182
#8294ed
#ed82df
#beed82
#eddc82
#edbc82
#ed82b5
#e082ed
#edd782
#edd782
#edd782
#edd782
#edd782
#edd782
#edd782
#edd782
#edd782
#edd782
#edd782
#edd782
#edd782
#edd782
#edd782
#edd782
#ed82d8
#ed82d8
#ed82d8
#ed82d8
#ed82d8
#ed82d8
#ed82d8
#ed82d8
#ed82d8
FF00xx
#a5ed82
#a5ed82
#d082ed
#d082ed
#82ed97
#a5ed82
#ede482
#edc482
#82eda4
#82eda4
#edcc82
#a5ed82
#a5ed82
#a5ed82
#a5ed82
#a5ed82
#a5ed82
#a5ed82
#ed8682
(255, 0, 170)
255 0 170
237 198 130
164 190 151
57 157 12
157 12 137
27 12 157
12 157 14
157 155 12
157 12 59
157 12 59
57 12 157
255 255 255
255 255 255
255 255 255
251 220 101
251 101 121
137 251 101
101 214 251
255 0 0
0 255 0
0 0 255
0 0 255
0 0 255
255 0 0
0 255 0
255 0 217
255 225 0
115 225 61
61 225 223
61 66 225
225 61 80
225 221 61
237 130 229
165 237 130
237 181 130
237 130 140
202 130 237
237 130 234
165 237 130
237 196 130
156 237 130
237 130 167
130 135 237
93 95 137
0 0 0
255 255 255
100 236 34
236 34 59
236 128 34
34 236 78
96 34 236
226 34 236
237 140 130
171 237 130
237 130 229
130 159 237
165 237 130
237 180 130
237 130 157
205 10 59
249 6 68
24 6 249
207 6 249
26 249 6
232 249 6
249 162 6
249 60 6
249 6 38
6 71 249
6 249 10
249 230 6
255 253 235
255 255 255
150 147 105
5 5 5
88 218 111
